360.00	2.21523	1.02379
365.00	2.24852	1.01065
370.00	2.28181	0.99751
375.00	2.31509	0.98437
380.00	2.34838	0.97123
385.00	2.38272	0.94815
390.00	2.42215	0.92012
395.00	2.46157	0.89387
400.00	2.49833	0.87510
405.00	2.52461	0.85633
410.00	2.55089	0.83756
415.00	2.57717	0.81332
420.00	2.60345	0.78704
425.00	2.62973	0.76298
430.00	2.65601	0.74546
435.00	2.67005	0.72794
440.00	2.68041	0.71042
445.00	2.69076	0.69290
450.00	2.70111	0.66978
455.00	2.71146	0.64525
460.00	2.72116	0.62259
465.00	2.72951	0.60382
470.00	2.73785	0.58505
475.00	2.74619	0.56628
480.00	2.75453	0.54536
485.00	2.76288	0.52408
490.00	2.77122	0.50281
495.00	2.77956	0.48378
500.00	2.78790	0.46821
505.00	2.79625	0.45263
510.00	2.80459	0.43706
515.00	2.81144	0.42149
520.00	2.81818	0.41387
525.00	2.82492	0.40675
530.00	2.83166	0.39963
535.00	2.83839	0.39252
540.00	2.84513	0.38540
545.00	2.85039	0.37828
550.00	2.85415	0.37116
555.00	2.85790	0.36410
560.00	2.86166	0.35938
565.00	2.86541	0.35467
570.00	2.86917	0.34995
575.00	2.87292	0.34523
580.00	2.87313	0.34051
585.00	2.87063	0.33580
590.00	2.86812	0.33356
595.00	2.86562	0.33308
600.00	2.86311	0.33259
605.00	2.86061	0.33210
610.00	2.85811	0.33162
615.00	2.85333	0.33113
620.00	2.84727	0.33064
625.00	2.84120	0.33015
630.00	2.83514	0.32967
635.00	2.82907	0.33030
640.00	2.82301	0.33147
645.00	2.81655	0.33264
650.00	2.80852	0.33381
655.00	2.80049	0.33497
660.00	2.79246	0.33614
665.00	2.78443	0.33731
670.00	2.77640	0.33874
675.00	2.76913	0.34093
680.00	2.76397	0.34312
685.00	2.75882	0.34531
690.00	2.75367	0.34750
695.00	2.74851	0.34968
700.00	2.74336	0.35187
705.00	2.73821	0.35406
710.00	2.73305	0.35669
715.00	2.72790	0.36020
720.00	2.72573	0.36370
725.00	2.72409	0.36721
730.00	2.72245	0.37071
735.00	2.72081	0.37422
740.00	2.71917	0.37772
745.00	2.71753	0.38123
750.00	2.71588	0.38331
755.00	2.71424	0.38526
760.00	2.71359	0.38721
765.00	2.71300	0.38915
770.00	2.71242	0.39110
775.00	2.71183	0.39305
780.00	2.71125	0.39499
785.00	2.71066	0.39694
790.00	2.71008	0.39889
795.00	2.71043	0.40122
800.00	2.71168	0.40356
805.00	2.71293	0.40589
810.00	2.71418	0.40823
815.00	2.71543	0.41056
820.00	2.71668	0.41290
825.00	2.71794	0.41523
830.00	2.71919	0.41749
835.00	2.72044	0.41968
840.00	2.72169	0.42187
845.00	2.72305	0.42406
850.00	2.72524	0.42625
855.00	2.72743	0.42844
860.00	2.72962	0.43063
865.00	2.73181	0.43282
870.00	2.73400	0.43465
875.00	2.73619	0.43629
880.00	2.73838	0.43794
885.00	2.74057	0.43958
890.00	2.74276	0.44122
895.00	2.74495	0.44286
900.00	2.74714	0.44450
905.00	2.74937	0.44614
910.00	2.75176	0.44796
915.00	2.75415	0.44984
920.00	2.75654	0.45171
925.00	2.75893	0.45359
930.00	2.76132	0.45547
935.00	2.76371	0.45735
940.00	2.76609	0.45923
945.00	2.76848	0.45958
950.00	2.77087	0.45958
955.00	2.77326	0.45958
960.00	2.77565	0.45958
965.00	2.77804	0.45958
970.00	2.78043	0.45958
975.00	2.78282	0.45958
980.00	2.78521	0.45958
985.00	2.78760	0.45958
990.00	2.78963	0.46019
995.00	2.79162	0.46086
1000.00	2.79361	0.46154
1005.00	2.79560	0.46221
1010.00	2.79759	0.46289
1015.00	2.79958	0.46356
1020.00	2.80157	0.46368
1025.00	2.80356	0.46316
1030.00	2.80555	0.46265
1035.00	2.80755	0.46213
1040.00	2.80955	0.46162
1045.00	2.81264	0.46110
1050.00	2.81573	0.46058
1055.00	2.81883	0.46007
1060.00	2.82192	0.45958
1065.00	2.82501	0.45958
1070.00	2.82810	0.45958
1075.00	2.83119	0.45958
1080.00	2.83428	0.45958
1085.00	2.83746	0.45958
1090.00	2.84068	0.45958
1095.00	2.84391	0.45945
1100.00	2.84714	0.45842
1105.00	2.85036	0.45739
1110.00	2.85359	0.45636
1115.00	2.85682	0.45533
1120.00	2.86005	0.45430
1125.00	2.86327	0.45327
1130.00	2.86636	0.45224
1135.00	2.86886	0.45121
1140.00	2.87137	0.45130
1145.00	2.87387	0.45185
1150.00	2.87637	0.45239
1155.00	2.87888	0.45294
1160.00	2.88138	0.45349
1165.00	2.88388	0.45403
1170.00	2.88639	0.45458
1175.00	2.88889	0.45513
1180.00	2.89139	0.45385
1185.00	2.89390	0.45210
1190.00	2.89640	0.45035
1195.00	2.89890	0.44860
1200.00	2.90096	0.44685
1205.00	2.90216	0.44510
1210.00	2.90335	0.44335
1215.00	2.90455	0.44188
1220.00	2.90574	0.44091
1225.00	2.90694	0.43994
1230.00	2.90813	0.43896
1235.00	2.90933	0.43799
1240.00	2.91052	0.43702
1245.00	2.91172	0.43604
1250.00	2.91291	0.43507
1255.00	2.91446	0.43410
1260.00	2.91645	0.43303
1265.00	2.91844	0.43187
1270.00	2.92043	0.43070
1275.00	2.92242	0.42953
1280.00	2.92441	0.42836
1285.00	2.92640	0.42719
1290.00	2.92839	0.42603
1295.00	2.93038	0.42490
1300.00	2.93237	0.42490
1305.00	2.93436	0.42490
1310.00	2.93577	0.42490
1315.00	2.93670	0.42490
1320.00	2.93764	0.42490
1325.00	2.93858	0.42490
1330.00	2.93952	0.42468
1335.00	2.94046	0.42259
1340.00	2.94140	0.42051
1345.00	2.94234	0.41842
1350.00	2.94328	0.41634
1355.00	2.94421	0.41425
1360.00	2.94515	0.41216
1365.00	2.94609	0.41008
1370.00	2.94703	0.40799
1375.00	2.94797	0.40591
1380.00	2.94939	0.40382
1385.00	2.95101	0.40322
1390.00	2.95263	0.40322
1395.00	2.95426	0.40322
1400.00	2.95588	0.40322
1405.00	2.95750	0.40322
1410.00	2.95912	0.40322
1415.00	2.96075	0.40257
1420.00	2.96237	0.40023
1425.00	2.96399	0.39790
1430.00	2.96561	0.39556
1435.00	2.96723	0.39322
1440.00	2.96886	0.39089
1445.00	2.97035	0.38855
1450.00	2.97161	0.38621
1455.00	2.97286	0.38494
1460.00	2.97411	0.38384
1465.00	2.97536	0.38275
1470.00	2.97661	0.38165
1475.00	2.97786	0.38056
1480.00	2.97912	0.37946
1485.00	2.98037	0.37837
1490.00	2.98162	0.37727
1495.00	2.98287	0.37675
1500.00	2.98294	0.37626
1505.00	2.98294	0.37577
1510.00	2.98294	0.37529
1515.00	2.98294	0.37480
1520.00	2.98294	0.37432
1525.00	2.98294	0.37383
1530.00	2.98294	0.37334
1535.00	2.98294	0.37284
1540.00	2.98294	0.37149
1545.00	2.98294	0.37014
1550.00	2.98294	0.36879
1555.00	2.98294	0.36745
1560.00	2.98294	0.36610
1565.00	2.98294	0.36475
1570.00	2.98294	0.36362
1575.00	2.98294	0.36265
1580.00	2.98294	0.36167
1585.00	2.98294	0.36070
1590.00	2.98294	0.35973
1595.00	2.98294	0.35875
1600.00	2.98294	0.35778
1605.00	2.98294	0.35680
1610.00	2.98294	0.35583
1615.00	2.98294	0.35467
1620.00	2.98294	0.35341
1625.00	2.98294	0.35216
1630.00	2.98294	0.35091
1635.00	2.98294	0.34966
1640.00	2.98294	0.34841
1645.00	2.98294	0.34716
1650.00	2.98294	0.34597
1655.00	2.98294	0.34480
1660.00	2.98294	0.34363
1665.00	2.98294	0.34247
1670.00	2.98294	0.34130
1675.00	2.98294	0.34013
1680.00	2.98294	0.33896
1685.00	2.98294	0.33780
1690.00	2.98294	0.33663
1695.00	2.98294	0.33546
1700.00	2.98294	0.33429
1705.00	2.98294	0.33312
1710.00	2.98294	0.33196
1715.00	2.98294	0.33079
1720.00	2.98294	0.32962
1725.00	2.98294	0.32856
1730.00	2.98294	0.32751
1735.00	2.98294	0.32646
1740.00	2.98294	0.32541
1745.00	2.98294	0.32435
1750.00	2.98294	0.32330
1755.00	2.98294	0.32225
1760.00	2.98294	0.32120
1765.00	2.98294	0.32015
1770.00	2.98294	0.31910
1775.00	2.98294	0.31805
1780.00	2.98294	0.31700
1785.00	2.98294	0.31595
1790.00	2.98294	0.31489
1795.00	2.98294	0.31384
1800.00	2.98294	0.31279
1805.00	2.98294	0.31174
1810.00	2.98314	0.31069
1815.00	2.98349	0.30964
1820.00	2.98384	0.30859
1825.00	2.98419	0.30754
1830.00	2.98454	0.30649
1835.00	2.98489	0.30544
1840.00	2.98524	0.30438
1845.00	2.98559	0.30331
1850.00	2.98594	0.30210
1855.00	2.98629	0.30089
1860.00	2.98664	0.29968
1865.00	2.98699	0.29847
1870.00	2.98733	0.29726
1875.00	2.98762	0.29606
1880.00	2.98792	0.29485
1885.00	2.98821	0.29364
1890.00	2.98850	0.29243
1895.00	2.98879	0.29122
1900.00	2.98908	0.29001
1905.00	2.98938	0.28880
1910.00	2.98967	0.28759
1915.00	2.98996	0.28639
1920.00	2.99025	0.28571
1925.00	2.99055	0.28516
1930.00	2.99084	0.28462
1935.00	2.99113	0.28407
1940.00	2.99142	0.28352
1945.00	2.99161	0.28298
1950.00	2.99161	0.28243
1955.00	2.99161	0.28188
1960.00	2.99161	0.28036
1965.00	2.99161	0.27872
1970.00	2.99161	0.27708
1975.00	2.99161	0.27544
1980.00	2.99161	0.27379
1985.00	2.99161	0.27215
1990.00	2.99161	0.27051
1995.00	2.99161	0.26886
2000.00	2.99161	0.26831
2005.00	2.99161	0.26780
2010.00	2.99161	0.26728
2015.00	2.99161	0.26677
2020.00	2.99123	0.26625
2025.00	2.99084	0.26574
2030.00	2.99046	0.26522
2035.00	2.99008	0.26471
2040.00	2.98970	0.26419
2045.00	2.98932	0.26368
2050.00	2.98894	0.26316
2055.00	2.98856	0.26265
2060.00	2.98818	0.26213
2065.00	2.98779	0.26162
2070.00	2.98741	0.26110
2075.00	2.98727	0.26058
2080.00	2.98727	0.26010
2085.00	2.98727	0.25982
2090.00	2.98727	0.25953
2095.00	2.98727	0.25925
2100.00	2.98727	0.25897
2105.00	2.98727	0.25869
2110.00	2.98727	0.25840
2115.00	2.98727	0.25812
2120.00	2.98727	0.25784
2125.00	2.98727	0.25755
2130.00	2.98727	0.25727
2135.00	2.98727	0.25699
2140.00	2.98714	0.25671
2145.00	2.98664	0.25642
2150.00	2.98614	0.25614
2155.00	2.98564	0.25586
2160.00	2.98514	0.25528
2165.00	2.98464	0.25463
2170.00	2.98414	0.25399
2175.00	2.98364	0.25334
2180.00	2.98314	0.25269
2185.00	2.98263	0.25204
2190.00	2.98213	0.25139
2195.00	2.98163	0.25074
2200.00	2.98113	0.25009
2205.00	2.98063	0.24944
2210.00	2.98013	0.24880
2215.00	2.97963	0.24815
2220.00	2.97913	0.24750
2225.00	2.97863	0.24702
2230.00	2.97830	0.24676
2235.00	2.97797	0.24650
2240.00	2.97765	0.24625
2245.00	2.97732	0.24599
2250.00	2.97700	0.24573
2255.00	2.97668	0.24547
2260.00	2.97635	0.24522
2265.00	2.97603	0.24496
2270.00	2.97570	0.24470
2275.00	2.97538	0.24445
2280.00	2.97506	0.24419
2285.00	2.97473	0.24393
2290.00	2.97441	0.24367
2295.00	2.97406	0.24342
2300.00	2.97369	0.24316
2305.00	2.97333	0.24290
2310.00	2.97296	0.24263
2315.00	2.97260	0.24236
2320.00	2.97223	0.24209
2325.00	2.97187	0.24181
2330.00	2.97150	0.24154
2335.00	2.97114	0.24126
2340.00	2.97077	0.24099
2345.00	2.97041	0.24072
2350.00	2.97004	0.24044
2355.00	2.96969	0.24017
2360.00	2.96934	0.23989
2365.00	2.96898	0.23962
2370.00	2.96863	0.23935
2375.00	2.96828	0.23907
2380.00	2.96793	0.23880
2385.00	2.96758	0.23852
2390.00	2.96723	0.23823
2395.00	2.96688	0.23793
2400.00	2.96653	0.23763
2405.00	2.96618	0.23732
2410.00	2.96583	0.23702
2415.00	2.96559	0.23672
2420.00	2.96559	0.23642
2425.00	2.96559	0.23612
2430.00	2.96559	0.23582
2435.00	2.96559	0.23551
2440.00	2.96559	0.23521
2445.00	2.96559	0.23491
2450.00	2.96559	0.23461
2455.00	2.96559	0.23431
2460.00	2.96559	0.23392
2465.00	2.96559	0.23340
2470.00	2.96559	0.23288
2475.00	2.96628	0.23237
2480.00	2.96701	0.23185
2485.00	2.96774	0.23134
2490.00	2.96847	0.23082
2495.00	2.96920	0.23031
2500.00	2.96993	0.22979
