360.00	3.212249	0.883011
365.00	3.195446	0.888454
370.00	3.178644	0.893897
375.00	3.161841	0.899340
380.00	3.145038	0.904782
385.00	3.128236	0.910225
390.00	3.111433	0.915668
395.00	3.094631	0.911967
400.00	3.077251	0.904107
405.00	3.057600	0.896246
410.00	3.037949	0.888385
415.00	3.018298	0.880525
420.00	2.998646	0.872664
425.00	2.978995	0.864803
430.00	2.959344	0.856943
435.00	2.939693	0.849082
440.00	2.920042	0.836327
445.00	2.899669	0.822178
450.00	2.877562	0.808030
455.00	2.855454	0.793881
460.00	2.833347	0.779732
465.00	2.811239	0.765584
470.00	2.789132	0.751435
475.00	2.767024	0.735198
480.00	2.744917	0.715153
485.00	2.722846	0.695108
490.00	2.700836	0.675064
495.00	2.678827	0.655019
500.00	2.656817	0.634975
505.00	2.634808	0.618160
510.00	2.620032	0.605897
515.00	2.605884	0.593634
520.00	2.591736	0.581372
525.00	2.577588	0.569109
530.00	2.563440	0.556846
535.00	2.549292	0.544583
540.00	2.535144	0.532320
545.00	2.520996	0.525612
550.00	2.507123	0.518954
555.00	2.493519	0.512296
560.00	2.479914	0.505638
565.00	2.466310	0.498980
570.00	2.452705	0.492322
575.00	2.439100	0.485664
580.00	2.425496	0.479006
585.00	2.411891	0.473857
590.00	2.398286	0.469815
595.00	2.384682	0.465773
600.00	2.371077	0.461730
605.00	2.357472	0.457688
610.00	2.343868	0.453646
615.00	2.330518	0.449603
620.00	2.317312	0.450014
625.00	2.304106	0.452844
630.00	2.290900	0.455674
635.00	2.277695	0.458504
640.00	2.264489	0.461334
645.00	2.251283	0.464164
650.00	2.237498	0.466994
655.00	2.221581	0.470121
660.00	2.205663	0.474282
665.00	2.189746	0.478443
670.00	2.173829	0.482604
675.00	2.157911	0.486765
680.00	2.141994	0.490926
685.00	2.126076	0.495087
690.00	2.110038	0.499248
695.00	2.093711	0.503409
700.00	2.077385	0.508498
705.00	2.061058	0.513804
710.00	2.044731	0.519110
715.00	2.028404	0.524416
720.00	2.012077	0.529722
725.00	2.000060	0.535029
730.00	1.988742	0.540335
735.00	1.977423	0.545641
740.00	1.966104	0.554098
745.00	1.954786	0.562942
750.00	1.943467	0.571785
755.00	1.932149	0.580628
760.00	1.922683	0.589471
765.00	1.915609	0.598315
770.00	1.908535	0.607158
775.00	1.901461	0.616001
780.00	1.894387	0.628167
785.00	1.887313	0.640428
790.00	1.880240	0.652690
795.00	1.873166	0.664951
800.00	1.866092	0.677212
805.00	1.860375	0.689474
810.00	1.855873	0.701735
815.00	1.851371	0.714514
820.00	1.846869	0.727720
825.00	1.842367	0.740925
830.00	1.837865	0.754131
835.00	1.833363	0.767337
840.00	1.828861	0.780543
845.00	1.824359	0.793748
850.00	1.819858	0.806961
855.00	1.815356	0.820225
860.00	1.811093	0.833490
865.00	1.806967	0.846754
870.00	1.802840	0.860018
875.00	1.798713	0.873283
880.00	1.794586	0.886547
885.00	1.790459	0.899811
890.00	1.786333	0.913257
895.00	1.782206	0.927406
900.00	1.778079	0.941556
905.00	1.773952	0.955705
910.00	1.769826	0.969854
915.00	1.765699	0.984004
920.00	1.762020	0.998153
925.00	1.758482	1.011155
930.00	1.754944	1.023814
935.00	1.751406	1.036474
940.00	1.747869	1.049134
945.00	1.744331	1.061794
950.00	1.740793	1.074453
955.00	1.737255	1.087113
960.00	1.733717	1.099773
965.00	1.730179	1.112433
970.00	1.729690	1.125267
975.00	1.729690	1.138405
980.00	1.729690	1.151542
985.00	1.729690	1.164679
990.00	1.729690	1.177817
995.00	1.729690	1.190954
1000.00	1.729690	1.204091
1005.00	1.729690	1.218098
1010.00	1.729690	1.233223
1015.00	1.729690	1.248348
1020.00	1.729690	1.263473
1025.00	1.729690	1.278598
1030.00	1.729690	1.293723
1035.00	1.732393	1.308847
1040.00	1.735114	1.323972
1045.00	1.737836	1.339097
1050.00	1.740557	1.354222
1055.00	1.743279	1.369347
1060.00	1.746000	1.384472
1065.00	1.748721	1.399596
1070.00	1.751443	1.414721
1075.00	1.754164	1.429923
1080.00	1.756886	1.445959
1085.00	1.759607	1.461994
1090.00	1.762328	1.478030
1095.00	1.765111	1.494066
1100.00	1.768327	1.510101
1105.00	1.771542	1.526137
1110.00	1.774757	1.542173
1115.00	1.777973	1.558208
1120.00	1.781188	1.574244
1125.00	1.784403	1.590280
1130.00	1.787618	1.606315
1135.00	1.790834	1.622351
1140.00	1.794049	1.638387
1145.00	1.797264	1.654422
1150.00	1.800555	1.670384
1155.00	1.804092	1.686104
1160.00	1.807629	1.701825
1165.00	1.811166	1.717546
1170.00	1.814703	1.733266
1175.00	1.818239	1.748987
1180.00	1.821776	1.764707
1185.00	1.825313	1.780428
1190.00	1.828850	1.796149
1195.00	1.832387	1.811869
1200.00	1.835832	1.827590
1205.00	1.839097	1.843311
1210.00	1.842363	1.859031
1215.00	1.845628	1.874752
1220.00	1.848893	1.889499
1225.00	1.852159	1.904104
1230.00	1.855424	1.918709
1235.00	1.858689	1.933315
1240.00	1.861955	1.947920
1245.00	1.865220	1.962525
1250.00	1.868486	1.977131
1255.00	1.871751	1.991736
1260.00	1.875016	2.006341
1265.00	1.878810	2.020946
1270.00	1.883201	2.035552
1275.00	1.887593	2.050157
1280.00	1.891984	2.064762
1285.00	1.896375	2.079367
1290.00	1.900767	2.093973
1295.00	1.905158	2.109489
1300.00	1.909549	2.125815
1305.00	1.913941	2.142140
1310.00	1.918332	2.158465
1315.00	1.922723	2.174790
1320.00	1.927115	2.191116
1325.00	1.931506	2.207441
1330.00	1.935897	2.223766
1335.00	1.940095	2.240092
1340.00	1.942816	2.256417
1345.00	1.945536	2.272742
1350.00	1.948257	2.289067
1355.00	1.950978	2.305393
1360.00	1.953698	2.321247
1365.00	1.956419	2.336859
1370.00	1.959140	2.352472
1375.00	1.961860	2.368084
1380.00	1.964581	2.383697
1385.00	1.967301	2.399309
1390.00	1.970022	2.414922
1395.00	1.972743	2.430534
1400.00	1.975586	2.446147
1405.00	1.978801	2.461759
1410.00	1.982016	2.477372
1415.00	1.985232	2.492984
1420.00	1.988447	2.508597
1425.00	1.991662	2.524209
1430.00	1.994877	2.539114
1435.00	1.998093	2.552432
1440.00	2.001308	2.565749
1445.00	2.004523	2.579066
1450.00	2.007738	2.592383
1455.00	2.011877	2.605700
1460.00	2.017666	2.619018
1465.00	2.023454	2.632335
1470.00	2.029243	2.645652
1475.00	2.035032	2.658922
1480.00	2.040820	2.672186
1485.00	2.046609	2.685450
1490.00	2.052397	2.698715
1495.00	2.058186	2.711979
1500.00	2.063975	2.725243
1505.00	2.069763	2.738507
1510.00	2.075551	2.751772
1515.00	2.081339	2.764059
1520.00	2.087127	2.776322
1525.00	2.092914	2.788585
1530.00	2.098702	2.800848
1535.00	2.104490	2.813110
1540.00	2.110277	2.825373
1545.00	2.116065	2.837636
1550.00	2.121853	2.848339
1555.00	2.127640	2.857772
1560.00	2.133428	2.867205
1565.00	2.140501	2.876638
1570.00	2.148498	2.886070
1575.00	2.156496	2.895503
1580.00	2.164493	2.904936
1585.00	2.172491	2.914069
1590.00	2.180488	2.921143
1595.00	2.188486	2.928217
1600.00	2.196483	2.935292
1605.00	2.204481	2.942366
1610.00	2.212478	2.949440
1615.00	2.220476	2.956514
1620.00	2.228538	2.963588
1625.00	2.236861	2.971030
1630.00	2.245184	2.979874
1635.00	2.253507	2.988717
1640.00	2.261830	2.997560
1645.00	2.270153	3.006403
1650.00	2.278476	3.015247
1655.00	2.286799	3.024090
1660.00	2.295122	3.032933
1665.00	2.302244	3.042041
1670.00	2.309036	3.051798
1675.00	2.315827	3.061556
1680.00	2.322618	3.071313
1685.00	2.329409	3.081070
1690.00	2.336200	3.090828
1695.00	2.342991	3.100585
1700.00	2.349783	3.110343
1705.00	2.356574	3.120100
1710.00	2.363365	3.129857
1715.00	2.370156	3.139615
1720.00	2.376947	3.149372
1725.00	2.384270	3.159130
1730.00	2.392355	3.168887
1735.00	2.400441	3.178644
1740.00	2.408527	3.187133
1745.00	2.416612	3.195534
1750.00	2.424698	3.203935
1755.00	2.432784	3.212337
1760.00	2.440869	3.220738
1765.00	2.448955	3.229139
1770.00	2.457041	3.237540
1775.00	2.465114	3.245942
1780.00	2.472471	3.254343
1785.00	2.479828	3.262744
1790.00	2.487185	3.271146
1795.00	2.494542	3.279547
1800.00	2.501898	3.287948
1805.00	2.509255	3.296349
1810.00	2.516612	3.304751
1815.00	2.523969	3.313282
1820.00	2.531326	3.323009
1825.00	2.538683	3.332736
1830.00	2.546040	3.342464
1835.00	2.553397	3.352191
1840.00	2.561330	3.361918
1845.00	2.569584	3.371645
1850.00	2.577838	3.381372
1855.00	2.586091	3.391100
1860.00	2.594345	3.400827
1865.00	2.602598	3.410554
1870.00	2.610852	3.420281
1875.00	2.619105	3.430009
1880.00	2.627359	3.439736
1885.00	2.635612	3.449463
1890.00	2.643866	3.459190
1895.00	2.652120	3.468573
1900.00	2.659020	3.476973
1905.00	2.665505	3.485374
1910.00	2.671990	3.493775
1915.00	2.678475	3.502176
1920.00	2.684960	3.510576
1925.00	2.691444	3.518977
1930.00	2.697929	3.527378
1935.00	2.704414	3.535778
1940.00	2.710899	3.544179
1945.00	2.717384	3.552580
1950.00	2.723869	3.560980
1955.00	2.730353	3.569381
1960.00	2.737361	3.577782
1965.00	2.744436	3.586182
1970.00	2.751510	3.594583
1975.00	2.758585	3.603098
1980.00	2.765660	3.611770
1985.00	2.772734	3.620441
1990.00	2.779809	3.629113
1995.00	2.786884	3.637785
2000.00	2.793959	3.646456
2005.00	2.801033	3.655128
2010.00	2.808108	3.663800
2015.00	2.815183	3.672471
2020.00	2.822243	3.681143
2025.00	2.828531	3.689815
2030.00	2.834819	3.698486
2035.00	2.841107	3.707158
2040.00	2.847396	3.715830
2045.00	2.853684	3.724501
2050.00	2.859972	3.733010
2055.00	2.866260	3.739613
2060.00	2.872548	3.746216
2065.00	2.878836	3.752819
2070.00	2.885124	3.759421
2075.00	2.891412	3.766024
2080.00	2.897701	3.772627
2085.00	2.903989	3.779230
2090.00	2.910130	3.785833
2095.00	2.916194	3.792436
2100.00	2.922259	3.799038
2105.00	2.928323	3.805641
2110.00	2.934387	3.812244
2115.00	2.940451	3.818847
2120.00	2.946516	3.825450
2125.00	2.952580	3.831970
2130.00	2.958644	3.838212
2135.00	2.964708	3.844454
2140.00	2.970773	3.850696
2145.00	2.976837	3.856938
2150.00	2.982901	3.863180
2155.00	2.988965	3.869422
2160.00	2.994894	3.875664
2165.00	3.000789	3.881906
2170.00	3.006684	3.888148
2175.00	3.012578	3.894390
2180.00	3.018473	3.900632
2185.00	3.024368	3.906874
2190.00	3.030262	3.913116
2195.00	3.036157	3.919358
2200.00	3.042052	3.925600
2205.00	3.047947	3.931842
2210.00	3.053841	3.938609
2215.00	3.059736	3.946155
2220.00	3.065533	3.953702
2225.00	3.071322	3.961248
2230.00	3.077110	3.968794
2235.00	3.082899	3.976341
2240.00	3.088688	3.983887
2245.00	3.094476	3.991434
2250.00	3.100265	3.998980
2255.00	3.106053	4.006526
2260.00	3.111842	4.014073
2265.00	3.117631	4.021619
2270.00	3.123440	4.029166
2275.00	3.129924	4.036712
2280.00	3.136409	4.044258
2285.00	3.142894	4.051416
2290.00	3.149379	4.058263
2295.00	3.155864	4.065109
2300.00	3.162349	4.071955
2305.00	3.168833	4.078801
2310.00	3.175318	4.085647
2315.00	3.181803	4.092493
2320.00	3.188288	4.099339
2325.00	3.194773	4.106185
2330.00	3.201100	4.113031
2335.00	3.206542	4.119877
2340.00	3.211984	4.126723
2345.00	3.217426	4.133570
2350.00	3.222868	4.140416
2355.00	3.228310	4.147262
2360.00	3.233752	4.154204
2365.00	3.239194	4.161507
2370.00	3.244636	4.168810
2375.00	3.250078	4.176113
2380.00	3.255520	4.183416
2385.00	3.260962	4.190719
2390.00	3.266404	4.198022
2395.00	3.272425	4.205325
2400.00	3.279915	4.212628
2405.00	3.287405	4.219931
2410.00	3.294895	4.227234
2415.00	3.302384	4.234537
2420.00	3.309874	4.241840
2425.00	3.317364	4.249143
2430.00	3.324854	4.256446
2435.00	3.332344	4.263749
2440.00	3.336840	4.271214
2445.00	3.340883	4.278704
2450.00	3.344925	4.286194
2455.00	3.348967	4.293684
2460.00	3.353010	4.301174
2465.00	3.357052	4.308664
2470.00	3.361094	4.316154
2475.00	3.363556	4.323644
2480.00	3.365914	4.330302
2485.00	3.368273	4.335961
2490.00	3.370632	4.341620
2495.00	3.372991	4.347280
2500.00	3.375350	4.352939
